
        Yes: 6624 | 72.8552573691157%
        No:  2287 | 25.153981522217332%
        ?:   181 | 1.99076110866696%
        =====
        Total: 9092
        